      acc_x            acc_y            acc_z               ang_x             ang_y            ang_z



    0.138281         -0.666797         0.410742          null         null         null
    0.115703         -0.535781         0.311797          null         null         null
    0.092367         -0.438781         0.243969          null         null         null
    0.077409         -0.351611         0.19498          null         null         null
    0.062513         -0.282265         0.157351          null         null         null
    0.054894         -0.232062         0.134475          4.115854         -1.067073         -0.97561
    0.043329         -0.18565         0.10758          3.231707         0.548781         -2.682927
    0.036421         -0.139535         0.097782          3.079268         0.518293         -2.469512
    0.026207         -0.120808         0.080374          0.762195         0.762195         -1.737805
    0.017645         -0.090201         0.058831          0.335366         1.463415         -0.914634
    0.009624         -0.062005         0.036713          0.27439         1.128049         -0.518293
    0.007309         -0.046088         0.021363          -0.487805         0.579268         -0.426829
    0.004284         -0.038238         0.015137          -0.426829         0.640244         -0.548781
    0.009092         -0.032934         0.015625          -0.27439         0.396341         -0.792683
    0.009031         -0.032792         0.017578          -0.518293         -0.060976         -0.731707
    0.00703         -0.024281         0.017969          -0.243902         0.060976         -0.609756
    0.003475         -0.0163         0.01457          -0.152439         0.304878         -0.579268
    0.004147         -0.007766         0.009703          -0.731707         0.335366         -0.670732
    0.005076         -0.009924         0.002294          -0.884146         0.213415         -0.884146
    0.002107         -0.00872         0.005155          -0.640244         0.091463         -0.853659
    0.004225         -0.00932         0.005296          -0.487805         0.213415         -1.067073
    0.003966         -0.010776         0.008729          -0.091463         0.304878         -0.884146
    0.000829         -0.008035         0.006397          0.091463         0.182927         -0.640244
    0.003398         -0.001155         0.006094          -0.27439         0.365854         -0.335366
    0.003109         -0.003268         -0.000593          -0.609756         0.213415         -0.457317
    -0.002005         0.000511         -0.00067          -0.304878         0.121951         -0.27439
    -0.000628         -0.003107         0.000441          -0.152439         -0.121951         -0.396341
    -0.000307         -0.002486         -0.000038          0.091463         -0.182927         -0.27439
    -0.001027         -0.001598         0.002704          0.304878         -0.091463         -0.27439
    -0.002579         -0.000888         0.003335          0.762195         0.243902         -0.152439
    -0.001673         0.002024         0.00052          0.579268         0.213415         -0.213415
    0.000615         -0.00092         0.003736          0.152439         0.091463         -0.396341
    0.000687         -0.005033         0.003575          -0.121951         -0.060976         -0.70122
    0.002308         -0.002464         0.003836          -0.152439         0.060976         -0.579268
    0.000479         0.000178         0.001116          -0.579268         -0.030488         -0.396341
    -0.000984         0.001314         -0.003599          -0.640244         0.152439         -0.365854
    0.000775         0.003786         -0.003465          -0.243902         0.213415         -0.304878
    0.001011         0.001271         -0.002772          -0.304878         0.060976         -0.518293
    -0.000949         -0.000741         0.000712          -0.487805         0.030488         -0.518293
    0.000022         -0.000007         -0.003142          -0.853659         -0.182927         -0.487805
    0.002361         -0.002349         0.000612          -0.548781         -0.243902         -0.457317
    -0.001627         -0.004223         0.001075          -0.060976         0         -0.335366
    0.002019         -0.001621         0.002423          0         0.27439         -0.365854
    0.000834         0.003391         -0.001382          -0.213415         0.243902         -0.396341
    0.000081         0.004861         -0.00091          0.182927         0.365854         -0.152439
    -0.001693         0.00174         -0.000728          0.243902         0.152439         -0.304878
    -0.002331         0.001978         0.002152          -0.060976         0         -0.640244
    -0.000888         -0.000371         0.001721          -0.365854         -0.213415         -0.609756
    -0.00032         0.000094         0.002744          -0.243902         0         -0.335366
    -0.002404         -0.001292         0.003172          0.060976         0.518293         -0.243902
    -0.000166         -0.000057         0.00117          0.030488         0.70122         -0.365854
    -0.001109         0.00347         -0.001798          -0.152439         0.396341         -0.579268
    0.002042         -0.000349         0.001882          -0.304878         0.152439         -0.70122
    0.000657         -0.002623         0.001505          -0.304878         0         -0.731707
    0.003065         -0.001512         0.000814          -0.335366         0         -0.670732
    0.001671         -0.00121         -0.001107          -0.243902         0.27439         -0.640244
    0.00329         0.000985         -0.005182          -0.243902         0.365854         -0.609756
    0.002046         -0.000188         -0.008833          -0.304878         0.304878         -0.579268
    0.000465         -0.002299         -0.001989          0.060976         0.27439         -0.457317
    0.003106         -0.003206         -0.000224          0.243902         0.060976         -0.365854
    -0.00064         0.001927         0.002555          0.518293         0.060976         -0.091463
    -0.000512         0.003495         0.005169          0.640244         -0.060976         -0.091463
    -0.002558         0.000843         -0.000161          0.792683         0.030488         -0.091463
    0.000102         -0.006943         0.001824          0.97561         0.27439         -0.182927
    -0.001286         0.001867         0.000483          0.762195         0.243902         -0.030488
    -0.002591         0.003838         0.00312          0.335366         0.121951         0
    -0.003831         0.004828         0.006793          0.762195         0.27439         0.121951
    -0.001307         0.001519         -0.000034          0.731707         0.487805         0.060976
    -0.003389         0.001801         0.000754          0.457317         0.457317         -0.121951
    0.001195         -0.000122         -0.000959          0.396341         0.304878         -0.396341
    -0.001583         -0.004785         0.003529          0.762195         0.304878         -0.335366
    -0.00029         -0.001289         0.001456          0.884146         0.426829         -0.27439
    0.002307         -0.000641         -0.00196          0.762195         0.518293         -0.243902
    0.00126         -0.000512         -0.003326          0.945122         0.457317         -0.152439
    0.000813         0.00252         -0.001489          1.676829         0.182927         0
    0.002213         0.001821         -0.000019          2.195122         0.060976         0.243902
    -0.000378         0.003214         0.005844          2.256098         0         0.396341
    -0.000107         0.006087         0.00741          2.073171         -0.060976         0.396341
    -0.001648         0.002331         0.004756          2.073171         -0.152439         0.365854
    -0.000928         0.001669         0.002438          1.554878         -0.213415         0.365854
    0.000625         0.000163         0.001559          1.097561         -0.304878         0.121951
    0.000695         -0.000455         -0.004026          0.853659         -0.060976         0.152439
    0.001923         0.000222         -0.000682          1.128049         0.060976         0.243902
    -0.001586         -0.00158         -0.00035          1.52439         -0.030488         0.426829
    -0.000488         -0.003608         -0.000475          1.890244         0.335366         0.487805
    -0.003125         -0.001519         0.000206          1.798781         0.884146         0.670732
    0.001016         0.000152         -0.000226          1.585366         1.189024         0.396341
    -0.003094         -0.001441         0.003335          2.195122         2.378049         0.518293
    -0.000326         0.001386         0.00423          3.079268         2.865854         0.091463
    -0.001628         0.000914         0.000064          3.20122         2.957317         0
    -0.003256         0.001512         0.003371          3.536585         3.353659         0.27439
    -0.004948         -0.000939         -0.003553          3.506098         4.085366         0.213415
    -0.005131         0.002374         -0.005186          3.292683         4.512195         0.091463
    -0.004886         0.004243         -0.004735          3.231707         4.817073         -0.365854
    -0.006643         0.004371         -0.005741          4.085366         5.243903         -0.213415
    -0.014494         0.009942         0.004587          4.878049         5.97561         0.091463
    -0.008275         -0.00357         0.010115          4.420732         4.268293         -0.304878
    0.008029         -0.011645         -0.00851          2.957317         3.20122         -0.97561
    -0.002952         0.018614         0.011942          5.243903         3.841464         -0.945122
    0.01131         0.000243         -0.000016          4.817073         0.243902         -0.426829
    0.017056         -0.011134         0.012877          5.182927         -2.22561         0.030488
    0.005832         0.00164         0.037841          6.310976         -4.72561         2.5
    0.017947         -0.015876         0.05039          4.420732         -8.140244         3.932927
    0.00674         -0.04024         0.008085          5.091464         -10.396341         7.652439
    0.003439         -0.029457         0.034593          8.658537         -11.95122         10.457317
    0.006853         -0.020832         0.016932          11.737805         -16.280489         13.993903
    0.011537         -0.025454         -0.011063          15.54878         -22.073172         15.670732
    0.005128         0.029637         -0.002796          24.939026         -21.67683         15.945123
    0.004298         0.102811         0.04581          32.07317         -16.25         14.573171
    -0.001445         0.105882         0.02825          25.335367         -9.695122         12.560976
    -0.041976         0.059901         0.041545          20.640244         2.835366         10.518293
    -0.036706         0.111592         0.073275          9.72561         10.518293         3.20122
    -0.010029         0.066227         0.019167          -2.012195         16.402439         -6.371952
    -0.036148         0.057083         -0.020018          -4.756098         20.609756         -9.664635
    -0.022473         0.03551         -0.021874          -8.871951         21.95122         -14.085366
    -0.002353         -0.031357         -0.055585          -12.103659         24.725611         -17.804878
    0.004172         -0.103602         -0.082749          -9.146341         24.87805         -16.554878
    -0.006037         -0.093037         -0.043934          -2.926829         22.957317         -13.902439
    -0.005221         -0.098453         -0.016006          -1.52439         19.664635         -11.920732
    0.003441         -0.084622         -0.018469          -5.579268         13.018293         -9.695122
    0.022674         -0.08137         -0.039385          -8.506098         5.060976         -6.493903
    0.02478         -0.03951         -0.010805          -5.670732         -2.5         -1.585366
    -0.005371         0.023666         0.039403          4.085366         -3.414634         2.621951
    -0.015234         0.033386         0.055155          5.731708         -2.865854         3.597561
    0.005391         0.000341         0.023616          -0.914634         -4.695122         3.231707
    0.01232         -0.00793         0.023776          -3.993902         -5.640244         3.871951
    0.009856         0.020609         0.020193          -1.798781         -5.518293         5.914634
    -0.003638         0.039729         0.025724          -0.853659         -4.878049         6.981708
    0.008222         0.012448         -0.0011          -1.432927         -7.439024         7.286585
    0.005015         0.008005         -0.032911          -1.067073         -9.847561         7.439024
    0.001082         0.03824         0.009608          2.256098         -6.463415         5.853659
    0.005944         0.067897         -0.016337          0.640244         -4.29878         3.780488
    0.008661         0.021309         -0.012874          -2.22561         -3.841464         1.615854
    0.006734         0.004352         0.003763          -0.70122         0.365854         0.640244
    -0.001058         0.016958         0.023909          -0.121951         0.213415         -1.95122
    -0.016081         0.034856         0.008971          -1.128049         2.286585         -5.121951
    -0.01599         0.017338         -0.005909          -2.865854         3.079268         -6.341464
    -0.029784         0.00098         -0.02836          -3.658537         4.512195         -6.067073
    -0.023437         -0.015427         -0.019758          -2.926829         3.932927         -6.432927
    -0.020507         -0.041053         -0.031432          -4.939024         1.341463         -5.426829
    -0.007226         -0.068584         -0.039403          -5.243903         -0.70122         -3.841464
    0.002618         -0.05975         -0.023905          -0.609756         -1.554878         -1.463415
    0.010493         -0.017527         -0.004476          2.987805         -2.591464         0.579268
    0.00566         0.010197         0.01849          6.006098         -1.890244         1.463415
    0.0057         0.010697         0.040573          5.792683         -1.707317         1.219512
    0.000849         0.013245         0.047107          3.170732         -1.554878         0.365854
    0.00107         0.003565         0.028701          -0.304878         -1.341463         -0.243902
    -0.002465         0.002852         -0.000086          -2.347561         -0.945122         -0.365854
    0.004083         0.001891         -0.011202          -2.560976         -0.792683         -0.579268
    0.007759         -0.001612         -0.009352          -1.798781         -0.731707         -0.304878
    0.006597         -0.002852         -0.0067          -1.097561         -0.823171         0.091463
    0.008403         0.005726         -0.005556          -1.341463         -1.280488         0.091463
    0.007699         0.005167         -0.005421          -1.158537         -1.341463         -0.060976
    0.006159         0.001204         -0.003946          -0.335366         -1.036585         -0.060976
    0.00356         0.006822         0.002117          -0.152439         -1.25         -0.030488
    0.003629         0.002724         0.007553          -0.396341         -1.310976         -0.304878
    0.003294         -0.002704         0.005456          -0.152439         -0.97561         -0.335366
    0.000487         -0.003726         0.004756          0.152439         -0.426829         -0.335366
    -0.000782         -0.002199         -0.001664          0.396341         -0.335366         -0.091463
    -0.001212         -0.000197         -0.004261          0.823171         -0.457317         0.152439
    -0.000774         0.0016         0.004599          1.128049         -0.457317         0.27439
    -0.002182         0.002061         0.006609          0.670732         -0.609756         0.213415
    -0.000574         0.000868         0.008217          0.518293         -0.548781         -0.091463
    -0.00124         -0.000477         0.000128          -0.243902         -0.670732         -0.091463
    -0.000992         0.00079         -0.003608          -0.548781         -0.670732         -0.304878
    -0.000403         0.004343         -0.006012          -0.579268         -0.518293         -0.213415
    -0.000322         0.001912         -0.002466          0.030488         -0.396341         -0.365854
    0.003648         0.002115         0.001543          0.091463         -0.213415         -0.548781
    0.00409         0.000911         0.003188          -0.609756         -0.457317         -0.579268
    0.000929         -0.001615         0.001769          -1.097561         -0.670732         -0.426829
    0.002696         -0.001683         -0.000733          -0.884146         -0.518293         -0.335366
    -0.000382         -0.001737         0.00078          0.030488         -0.152439         -0.243902
    -0.000501         0.004861         0.003554          0.548781         0.335366         -0.396341
    0.000185         0.002131         0.000695          -0.182927         0.182927         -0.548781
    0.002101         0.001119         0.003681          -0.548781         0.030488         -0.670732
    0.001876         -0.004769         -0.000571          -0.97561         0.152439         -0.792683
    0.001501         -0.005183         -0.001433          -0.670732         0.426829         -0.731707
    -0.002315         -0.002584         -0.004858          -0.640244         0.182927         -0.396341
    0.002054         -0.002653         -0.006425          -0.548781         0.060976         -0.27439
    -0.0007         0.004518         0.004235          -0.213415         -0.030488         -0.213415
    -0.001732         0.004396         0.001825          -0.213415         -0.182927         -0.27439
    -0.000409         -0.002147         0.002632          -0.27439         0         -0.365854
    -0.000913         -0.004452         -0.007074          -0.640244         0.060976         -0.426829
    -0.000926         -0.001999         -0.005073          -0.213415         -0.091463         -0.27439
    -0.000741         0.002893         -0.000348          0.396341         0.030488         -0.121951
    0.001165         0.000947         0.003433          0.213415         -0.091463         -0.243902
    -0.001021         0.002125         0.00177          0.243902         0         -0.27439
    0.001527         -0.001425         -0.004639          -0.060976         -0.121951         -0.213415
    0.002589         -0.000359         0.000195          0.091463         -0.091463         -0.182927
    0.002462         0.000104         0.001133          0.243902         -0.182927         -0.030488
    0.003141         0.002427         -0.001438          0.640244         -0.060976         0.213415
    0.001732         0.004285         -0.002517          1.25         -0.060976         0.304878
    -0.002521         0.003428         0.000135          1.615854         -0.091463         0.27439
    -0.003384         -0.000187         -0.002627          1.768293         0.030488         -0.030488
    0.000809         0.000241         0.004344          1.737805         -0.030488         -0.152439
    0.002209         -0.002542         0.006209          1.402439         -0.121951         -0.152439
    0.00001         -0.002619         0.007116          1.189024         -0.182927         0
    -0.003313         -0.001119         0.005498          1.310976         -0.091463         0.213415
    -0.002259         0.000277         0.002445          1.097561         0.213415         0.243902
    -0.002589         0.002956         -0.00156          0.70122         0.243902         0
    0.001835         0.00549         -0.003592          0.27439         -0.152439         -0.243902
    -0.000094         0.000681         0.000252          0.365854         -0.182927         -0.27439
    0.001292         0.000545         0.001373          0.457317         -0.030488         -0.426829
    0.002401         -0.001322         0.000513          0.335366         0.091463         -0.426829
    0.000553         0.001091         0.001387          0.640244         0.27439         -0.182927
    -0.000925         0.003998         -0.000258          0.70122         0.457317         -0.121951
    0.000237         0.005347         0.002137          0.762195         0.426829         -0.243902
    0.000189         0.002324         0.000343          0.792683         0.304878         -0.152439
    -0.001411         -0.002438         0.001251          1.097561         0.121951         -0.182927
    -0.002691         -0.001169         0.003149          1.219512         0.030488         0.060976
    -0.001372         -0.002888         0.000761          0.945122         0.121951         -0.030488
    0.000856         0.001205         -0.002516          0.731707         0.304878         -0.121951
    0.002442         0.001355         -0.000255          0.823171         0.213415         -0.030488
    0.000391         0.000498         0.003312          1.25         0.152439         -0.091463
    0.002657         -0.00175         0.006556          1.25         0.152439         -0.091463
    -0.003539         0.001334         0.003096          0.640244         0.121951         0
    -0.003026         0.001458         0.001696          0         -0.060976         0
    -0.000663         0.00312         0.003505          0.152439         0.060976         0
    -0.001507         0.001714         0.00339          0.762195         0.457317         -0.091463
    -0.001596         0.001176         0.00447          0.731707         0.518293         -0.182927
    -0.000105         -0.000426         -0.00033          0.335366         0.304878         -0.152439
    0.001283         -0.001903         -0.003194          0.579268         0.182927         -0.243902
    0.002394         -0.000937         -0.002751          0.914634         0.365854         -0.152439
    0.000352         0.001594         0.000925          1.219512         0.365854         -0.060976
    0.001649         0.00694         -0.000432          0.884146         0.152439         -0.030488
    0.001515         0.006138         0.001021          0.731707         -0.152439         0.030488
    -0.000156         0.001785         0.003747          0.853659         -0.182927         0.030488
    -0.004421         -0.001111         0.005341          0.792683         -0.060976         -0.182927
    -0.001584         -0.003623         0.000367          0.518293         0.365854         -0.518293
    -0.001462         -0.002117         0.001465          0.487805         0.457317         -0.487805
    -0.000975         0.00065         0.000391          0.335366         0.396341         -0.579268
    -0.000194         0.002864         0.005          0.27439         0.365854         -0.640244
    -0.004061         0.003072         0.002047          0         0.670732         -0.731707
    0.000657         -0.00223         0.001442          -0.396341         0.640244         -1.006098
    0.000916         -0.001979         -0.001581          -0.487805         0.640244         -0.853659
    0.001319         -0.000997         -0.003022          -0.487805         0.27439         -0.579268
    0.002032         -0.000407         -0.002222          -0.030488         0.182927         -0.487805
    0.002016         0.001432         0.004277          0.060976         0.335366         -0.426829
    0.001418         0.002903         0.001664          -0.243902         0.670732         -0.762195
    0.000939         0.00037         0.000354          -0.548781         0.487805         -0.792683
    0.001728         -0.003806         -0.00206          -0.396341         0.579268         -0.70122
    0.00021         0.000276         -0.00282          -0.518293         0.518293         -0.548781
    0.001145         -0.001733         -0.003819          -0.426829         0.152439         -0.457317
    -0.000061         -0.001191         0.000265          0.030488         0.335366         -0.365854
    -0.001611         0.001391         0.004314          -0.091463         0.213415         -0.365854
    0.000078         0.001504         0.004428          -0.731707         0.030488         -0.335366
    0.000649         0.000422         0.000027          -0.670732         0.091463         -0.304878
    0.001886         -0.00142         -0.00369          -0.487805         0.243902         -0.335366
    0.002681         -0.004652         -0.005686          -0.426829         0.213415         -0.182927
    0.001559         0.0037         -0.001033          0.030488         0.060976         0.060976
    -0.002269         0.00628         0.001712          0.396341         0.091463         0.091463
    -0.003377         0.006196         0.005276          0.396341         0.060976         0.060976
    -0.00114         -0.002855         0.005002          -0.030488         0.213415         -0.304878
    -0.000521         -0.006386         -0.002639          -0.396341         0.457317         -0.426829
    0.00056         -0.006671         -0.006799          0         0.609756         -0.213415
    -0.000333         0.001499         -0.007001          0.609756         0.396341         0.091463
    -0.000853         0.004715         -0.00482          1.371951         0.335366         0.243902
    -0.002635         0.001037         0.0063          2.012195         0.426829         0.243902
    0.003361         -0.006397         -0.000038          1.981707         0.640244         0.243902
    0.002102         -0.008242         0.001142          2.439024         1.067073         0.426829
    0.00051         -0.001711         -0.008852          3.170732         1.676829         0.97561
    0.000603         0.004295         -0.006105          4.359756         2.621951         1.371951
    -0.004205         0.004022         0.005858          4.847561         3.810976         1.493902
    -0.000239         0.000679         0.001171          3.902439         6.128049         0.823171
    0.001567         0.008746         0.004843          3.20122         7.347561         0.426829
    -0.01359         0.021059         -0.002962          2.560976         6.189024         0.335366
    -0.007747         0.006887         0.003099          2.073171         2.286585         0.762195
    -0.006784         -0.011092         -0.012755          1.402439         -2.042683         1.920732
    -0.000544         -0.022936         -0.000243          2.652439         -4.207317         3.04878
    0.01226         -0.032607         0.028907          4.481708         -6.097561         4.969512
    0.023675         -0.022961         0.028009          2.77439         -8.932927         7.164634
    0.017182         -0.016611         -0.004351          -0.243902         -11.52439         9.573171
    0.017457         -0.022663         -0.029262          0.884146         -14.085366         12.439025
    0.006739         -0.013834         -0.051339          3.932927         -18.841463         15.54878
    0.018672         -0.027083         -0.026814          7.835366         -23.963415         18.231709
    0.010446         0.040639         0.048862          19.359756         -22.042683         19.603659
    -0.010393         0.098917         0.12073          24.573172         -20.975611         19.756098
    -0.043666         0.095735         0.123928          24.390244         -13.170732         14.146341
    -0.049191         0.069166         0.144259          23.20122         -0.396341         5.518293
    -0.053025         0.138146         0.093532          9.420732         11.067074         -5.030488
    -0.009607         0.060712         -0.00076          -9.969512         16.981709         -15.030488
    -0.015694         0.050132         -0.074241          -9.817074         27.286587         -17.896341
    0.016156         0.035223         -0.068572          -5.640244         31.920732         -20.457317
    -0.021645         -0.010494         -0.054858          -2.164634         38.414635         -21.432928
    -0.033918         -0.090817         -0.063222          -5.152439         36.310978         -22.073172
    0.009194         -0.154099         -0.073234          -10.243902         28.292683         -21.737806
    0.015558         -0.147107         -0.064251          -11.890244         21.067074         -17.103659
    0.02397         -0.120811         -0.079721          -11.95122         13.04878         -10.579268
    0.019762         -0.088641         -0.097761          -10.396341         3.902439         -3.109756
    0.023231         0.00233         -0.05399          -5.182927         -4.756098         2.621951
    -0.007587         0.043661         0.028683          3.353659         -7.682927         5.70122
    0.006431         0.02946         0.060055          5.609756         -10.213415         6.768293
    -0.001106         0.03138         0.094724          4.908537         -9.603659         7.103659
    0.002436         0.016315         0.081053          1.920732         -9.146341         6.676829
    -0.000395         0.018521         0.06328          -0.518293         -7.469512         6.676829
    0.003981         0.031809         0.024257          -3.506098         -8.47561         6.219512
    -0.00912         0.026619         -0.002665          -4.542683         -8.963415         5.457317
    0.000907         0.04317         0.010368          -3.506098         -8.353659         4.146341
    0.013616         0.037271         -0.012409          -3.902439         -7.317073         2.469512
    0.014409         -0.01452         -0.002505          -2.408537         -4.573171         1.737805
    0.020121         -0.000678         -0.02759          -1.432927         0.304878         -0.304878
    0.011409         -0.001128         -0.02715          -3.353659         0.152439         -1.920732
    0.003073         0.002027         0.008553          -2.195122         2.682927         -3.292683
    0.015739         -0.024746         0.013874          -4.878049         3.597561         -5.518293
    0.019427         -0.003976         -0.005698          -5.243903         6.554878         -5.54878
    -0.015708         0.053069         -0.016472          -0.97561         12.530488         -6.585366
    -0.03659         0.059252         -0.039154          0.304878         15.335366         -7.286585
    -0.056811         0.043495         -0.019214          -1.189024         14.664635         -7.652439
    -0.061269         -0.01911         0.018222          -5.54878         11.341464         -9.359756
    -0.036125         -0.087944         -0.003391          -12.012196         4.512195         -8.47561
    -0.007415         -0.095355         -0.041189          -11.768293         -2.042683         -3.993902
    0.009107         -0.049136         -0.058147          -4.939024         -4.115854         0.335366
    0.005918         0.012058         -0.014095          3.567073         -2.804878         2.347561
    0.010203         0.027811         0.010208          5.243903         -1.981707         1.52439
    0.015585         0.017756         0.038245          1.676829         -1.859756         -0.579268
    0.010905         -0.01724         0.044268          -1.707317         -0.853659         -2.286585
    0.011458         -0.026097         0.02057          -3.384146         -0.304878         -2.408537
    0.003893         -0.013456         -0.002098          -3.384146         -0.335366         -0.945122
    0.005263         0.000564         -0.013788          -1.737805         -0.091463         0.213415
    0.008703         0.017834         -0.005366          -0.853659         -0.27439         0.579268
    0.008329         0.011728         -0.004879          -0.70122         -0.030488         0.396341
    0.01096         0.003914         -0.001169          -0.792683         0         -0.091463
    0.011112         0.004107         -0.000935          -0.762195         -0.182927         -0.365854
    0.00889         -0.002769         0.000814          -0.121951         0         -0.060976
    0.003987         -0.002996         0.001042          0.762195         0.030488         0.335366
    0.003971         -0.000834         -0.002096          1.52439         0.030488         0.579268
    -0.000339         0.005778         -0.001091          2.042683         -0.426829         1.036585
    -0.003201         0.009114         -0.001654          2.621951         -0.457317         1.310976
    -0.000998         0.007877         0.002974          2.195122         -0.609756         1.280488
    -0.001971         0.007474         0.00941          1.585366         -0.426829         0.853659
    -0.003334         0.008128         0.006356          0.670732         -0.548781         0.396341
    -0.003058         0.00201         0.006062          0.518293         -0.548781         0.121951
    -0.0044         0.000436         0.000552          0.70122         -0.670732         0.060976
    -0.00391         -0.003167         0.006887          1.493902         -0.365854         -0.121951
    -0.000199         -0.004487         0.006877          1.432927         -0.304878         -0.060976
    0.000818         -0.004761         0.003158          0.914634         -0.243902         0.030488
    0.00085         -0.002442         0.000378          1.006098         -0.060976         0.182927
    -0.000688         0.002148         -0.00087          0.762195         -0.182927         0.304878
    0.002575         -0.00336         0.000086          0.335366         -0.152439         0.182927
    0.005771         -0.007766         0.000654          1.006098         0.121951         0.396341
    0.002468         -0.010705         0.002086          2.439024         0.304878         1.036585
    -0.000564         -0.0029         -0.002433          3.75         0.396341         1.768293
    -0.000256         -0.002515         -0.002141          4.664634         0.304878         2.134146
    -0.00001         0.013613         -0.003666          5.426829         0.365854         2.256098
    -0.000594         0.008937         -0.000003          4.390244         -0.152439         2.012195
    0.000306         0.011837         0.002732          3.079268         -0.304878         1.554878
    -0.003075         0.016892         0.008435          1.585366         -0.884146         1.128049
    0.000274         0.010388         0.006553          0.152439         -1.097561         0.457317
    -0.005054         0.006748         0.007196          -0.426829         -1.097561         -0.030488
    -0.004239         -0.00632         0.009272          -0.426829         -0.792683         -0.335366
    -0.006516         -0.002126         0.00566          -0.548781         -0.945122         -0.243902
    -0.004236         0.005135         0.005309          -1.097561         -1.006098         -0.121951
    -0.004365         0.003522         -0.005714          -1.52439         -0.426829         -0.548781
    -0.003688         0.009849         -0.009649          -2.835366         -0.70122         -1.219512
    -0.00002         -0.001105         -0.009672          -4.237805         -1.402439         -1.890244
    0.004476         -0.006158         -0.006371          -4.756098         -1.280488         -2.317073
    0.005729         -0.01059         0.000372          -3.780488         -0.731707         -2.164634
    0.006732         -0.01316         -0.001851          -2.804878         -0.091463         -1.676829
    -0.002622         0.001191         -0.000699          -1.768293         0.579268         -1.493902
    -0.002684         0.00564         -0.008177          -2.347561         0.091463         -1.219512
    0.00254         -0.001542         -0.004588          -2.286585         -0.182927         -1.006098
    0.000274         -0.003382         -0.000936          -1.981707         -0.060976         -0.823171
    0.003931         -0.004464         0.001204          -2.073171         -0.243902         -0.640244
    0.007441         -0.004157         -0.005677          -3.109756         -0.762195         -0.426829
    0.004586         0.000971         -0.007081          -3.04878         -1.097561         -0.27439
    0.001325         0.00234         -0.005274          -1.95122         -1.097561         -0.030488
    0.000669         0.000504         0.001249          -1.006098         -0.792683         -0.27439
    0.00034         -0.001159         0.002171          -1.341463         -0.70122         -0.365854
    0.003006         -0.003271         0.005057          -1.432927         -0.640244         -0.70122
    0.006116         -0.004765         0.004241          -1.463415         -0.487805         -0.70122
    0.004698         -0.007328         0.000073          -0.731707         -0.243902         -0.487805
    0.000438         -0.002542         -0.002286          -0.609756         -0.243902         -0.182927
    -0.004142         0.007146         -0.00593          -0.853659         -0.335366         -0.182927
    -0.005657         0.001615         -0.002986          -0.457317         -0.304878         -0.365854
    -0.000815         -0.002809         0.005424          -0.121951         -0.518293         -0.762195
    0.010286         0.003612         -0.006013          -2.530488         -2.103659         -1.25
    0.000416         -0.002775         -0.01067          -4.817073         -2.560976         -1.432927
    0.001309         -0.006321         -0.008926          -5.54878         -2.317073         -1.859756
    -0.008132         -0.002518         -0.004016          -4.847561         -1.189024         -1.95122
    -0.001232         -0.004358         -0.000674          -3.04878         -0.70122         -1.585366
    0.004678         -0.009736         0.004344          -1.463415         -0.548781         -0.670732
    0.00218         0.000414         0.005623          -0.121951         -0.396341         0.121951
    -0.004897         0.009902         0.011139          0.213415         -0.27439         0.213415
    -0.003917         0.013195         0.004615          -0.548781         -0.213415         -0.213415
    -0.004696         0.006845         -0.001777          -1.25         -0.243902         -0.426829
    -0.001023         -0.005852         0.002875          -1.158537         0.060976         -0.762195
    0.004846         -0.01933         0.003667          -0.670732         0.27439         -0.762195
    0.00583         -0.01273         0.005668          -0.792683         0.365854         -0.27439
    -0.001         -0.005106         -0.001129          -1.067073         0.060976         0.060976
    -0.003535         0.004704         -0.0052          -1.097561         -0.304878         0.121951
    -0.002437         0.00806         -0.00709          -1.676829         -0.457317         -0.365854
    0.000589         0.006058         -0.003133          -2.012195         -0.731707         -0.640244
    0.00555         -0.003943         -0.005241          -1.890244         -0.426829         -0.945122
    0.005026         -0.008037         -0.003021          -1.371951         -0.091463         -0.670732
    0.000114         -0.00643         -0.007299          -0.548781         0.518293         -0.335366
    0.003216         0.002083         -0.008964          -1.067073         0.426829         -0.396341
    0.002573         0.003815         -0.005414          -1.463415         0.304878         -0.548781
    -0.002824         0.012817         0.002896          -2.012195         0.091463         -0.70122
    -0.002845         0.016699         0.007004          -2.195122         0.396341         -1.341463
    0.00163         0.003984         0.014002          -1.25         1.25         -1.829268
    0.000913         -0.003258         0.014326          -0.396341         1.493902         -1.585366
    -0.003371         -0.003583         0.01107          -0.853659         1.067073         -1.219512
    -0.000744         -0.009897         -0.008722          -2.652439         0.304878         -1.25
    0.006241         -0.001668         -0.013618          -2.896342         0.304878         -1.280488
    0.001477         0.003744         -0.011676          -2.77439         0.640244         -1.676829
    0.002158         -0.017317         -0.007973          -2.77439         0.396341         -1.859756
    0.006609         -0.024206         -0.00384          -1.981707         0.609756         -1.615854
    0.000991         -0.017607         -0.00522          -1.432927         0.213415         -0.670732
    -0.001746         -0.002171         -0.004176          0.152439         -0.121951         0.335366
    -0.001202         0.014865         0.002128          0.640244         -0.548781         0.609756
    -0.00311         0.020095         0.001702          0.121951         -0.579268         0.335366
    0.000832         0.011974         0.00976          -0.365854         -0.27439         -0.335366
    0.0034         -0.000382         0.00566          -0.97561         0.152439         -0.70122
    0.00272         -0.00304         -0.002699          -1.585366         0.27439         -0.426829
    0.004129         -0.001065         -0.003136          -1.737805         0.365854         -0.243902
    0.003108         -0.003781         -0.003094          -1.158537         0.335366         -0.091463
    -0.000638         0.001272         -0.003452          -0.640244         0.243902         -0.152439
    -0.001683         0.000627         -0.000223          -0.548781         0.030488         -0.182927
    -0.000565         0.001283         0.003338          -0.365854         0.030488         -0.213415
    -0.00221         -0.000146         0.000522          -0.487805         0.030488         -0.243902
    -0.001768         -0.001093         0.000613          -0.762195         -0.030488         -0.27439
    -0.002391         -0.002828         -0.003026          -0.884146         -0.152439         -0.365854
    -0.003866         -0.002067         -0.000858          -0.823171         0.091463         -0.335366
    -0.003679         0.002839         0.000876          -0.731707         0.091463         -0.457317
    -0.001185         -0.001049         0.000115          -1.036585         0.060976         -0.731707
    0.00081         -0.000253         0.00224          -1.128049         0.182927         -0.884146
    0.00182         -0.005086         -0.000161          -1.341463         0.27439         -0.792683
    -0.000302         -0.002897         -0.003644          -1.341463         0.121951         -0.609756
    0.001126         0.003933         -0.005259          -1.128049         0         -0.579268
    0.00051         0.003341         -0.001668          -0.97561         -0.152439         -0.548781
    0.001384         -0.000061         -0.00446          -0.945122         -0.091463         -0.579268
    0.000717         -0.004736         0.003464          -1.006098         0.243902         -0.853659
    0.003503         -0.001836         0.001794          -1.280488         0.304878         -0.823171
    0.003389         -0.000492         0.002803          -1.463415         0.091463         -0.731707
    0.001344         0.001364         -0.001469          -1.310976         0.060976         -0.457317
    0.00127         0.004021         -0.002933          -1.036585         0.304878         -0.518293
    -0.000156         0.000287         -0.005862          -0.853659         0.426829         -0.640244
    0.000461         -0.003091         -0.003518          -0.457317         0.548781         -0.731707
    -0.000803         -0.003254         -0.000666          -0.213415         0.548781         -0.518293
    -0.001228         -0.003384         0.001616          -0.060976         0.396341         -0.182927
    -0.002545         0.001004         -0.00066          0.182927         0.182927         0.182927
    -0.002231         0.004514         -0.002286          0.182927         0.091463         0.060976
    -0.002762         0.003025         -0.000266          0.243902         0.27439         -0.365854
    -0.001428         -0.004416         -0.000018          0.396341         0.457317         -0.457317
    0.001983         -0.005486         0.000376          0.670732         0.640244         -0.396341
    0.003149         -0.005756         -0.008293          0.884146         0.914634         -0.030488
    0.001933         0.003012         -0.004876          1.341463         1.25         0.426829
    0.006234         0.004558         -0.005073          1.371951         1.25         0.548781
    0.000495         0.002084         -0.000738          2.073171         2.469512         0.426829
    -0.000385         0.003621         0.000972          2.22561         3.292683         0.121951
    0.004184         0.000748         -0.000004          2.134146         4.542683         -0.304878
    0.006081         0.007044         -0.011917          2.5         7.5         -0.579268
    -0.002947         0.012276         -0.021252          1.646342         10.335366         -1.128049
    -0.007827         0.006891         -0.025986          1.25         11.585366         -1.920732
    -0.024621         0.004145         -0.019031          0.396341         9.634147         -1.95122
    -0.026337         -0.013871         0.006064          1.585366         4.29878         -0.853659
    -0.000171         -0.041566         0.027703          3.04878         -2.073171         1.829268
    -0.01166         -0.037354         0.050678          3.75         -7.042683         4.512195
    0.015281         -0.04043         0.030972          2.408537         -15.304878         8.231708
    0.021014         -0.021407         0.02009          4.054878         -16.646341         11.79878
    0.011733         0.00514         0.036775          4.603659         -19.024391         14.420732
    0.032433         -0.003114         0.053444          2.073171         -24.481709         16.280489
    0.017353         0.019774         0.073614          6.219512         -23.140244         17.774391
    -0.020883         0.065038         0.08936          12.103659         -15.304878         17.164635
    -0.03741         0.122734         0.03848          4.237805         -8.353659         11.25
    -0.023092         0.094671         -0.011013          -6.341464         -1.128049         2.743902
    -0.021599         0.063432         -0.022873          -8.47561         10.030488         -4.329268
    0.004401         0.016761         -0.044275          -9.085366         17.652439         -10.182927
    0.008794         0.025323         -0.077802          -5.426829         25.121952         -14.786586
    -0.011129         0.05268         -0.051109          -5.70122         27.774391         -17.439024
    -0.026481         -0.00766         -0.01452          -6.006098         29.329269         -20.396341
    0.003229         -0.103199         -0.043647          -6.859756         30.030489         -21.585367
    0.001607         -0.131582         -0.066168          -7.682927         28.20122         -19.29878
    0.004996         -0.125383         -0.051177          -5.54878         24.481709         -15.304878
    0.016497         -0.113978         -0.047582          -4.603659         14.542684         -8.506098
    0.030971         -0.0738         -0.082011          -5.670732         0.792683         -0.518293
    0.015402         0.002679         -0.013265          -0.518293         -6.920732         4.695122
    -0.003694         0.040034         0.061458          6.52439         -6.859756         6.493903
    -0.007252         0.030465         0.062448          3.597561         -9.756098         7.469512
    -0.01713         0.014606         0.080427          1.341463         -10.640244         8.140244
    -0.001009         0.026529         0.053209          0.487805         -10.152439         7.987805
    -0.00901         0.031184         0.031239          -0.823171         -10.030488         8.231708
    0.026386         0.02651         -0.055087          -2.591464         -9.634147         4.756098
    -0.002329         0.063395         -0.02903          -1.981707         -6.463415         3.384146
    0.022551         0.051302         -0.01756          -3.20122         -2.743902         -0.640244
    0.020189         0.013112         0.011733          -1.768293         -0.396341         -1.432927
    0.01537         -0.028964         0.025011          0.914634         3.384146         -1.707317
    0.004288         -0.004421         0.017079          1.158537         6.95122         -2.743902
    0.003235         0.042557         -0.005477          -1.615854         7.408537         -3.506098
    -0.039209         0.046936         -0.03778          -2.926829         9.329268         -3.780488
    -0.039179         0.016651         -0.010107          -2.073171         9.634147         -4.847561
    -0.038765         -0.01539         -0.014335          -4.329268         7.926829         -5.823171
    -0.04488         -0.060164         -0.001898          -5.426829         5.792683         -5.243903
    -0.023013         -0.067662         -0.023979          -3.262195         3.323171         -3.689024
    -0.019778         -0.04202         -0.010394          -0.243902         0.365854         -1.402439
    -0.00176         -0.03596         0.005747          2.560976         -1.554878         0.670732
    0.00953         -0.004159         0.038777          7.195122         -0.640244         1.646342
    0.01114         0.021673         0.029264          6.006098         -0.823171         2.408537
    0.009693         0.026909         0.014622          2.378049         -1.280488         1.829268
    0.005801         0.015668         0.008182          1.067073         -1.219512         1.006098
    0.006008         0.010972         0.009671          0.579268         -0.97561         0.396341
    0.008713         0.001941         0.006174          -0.518293         -0.548781         -0.091463
    0.008533         -0.003916         -0.006584          -1.493902         -0.152439         -0.457317
    0.010146         -0.001179         -0.013275          -1.676829         -0.457317         -0.335366
    0.008312         -0.001334         -0.012573          -0.457317         -0.670732         -0.121951
    0.005869         0.001081         -0.004981          0.884146         -0.914634         0.213415
    0.006648         0.005162         0.007734          1.189024         -1.310976         0.335366
    0.005514         0.003153         0.020641          1.128049         -1.036585         0.243902
    0.003044         0.002718         0.019052          0.27439         -0.731707         -0.091463
    -0.00069         -0.001537         0.002937          -0.640244         -0.426829         -0.365854
    -0.000943         -0.002401         -0.004487          -1.219512         -0.243902         -0.213415
    -0.000363         -0.005827         -0.006128          -1.25         -0.426829         0.091463
    0.001076         0.001197         -0.003145          -0.518293         -0.27439         0.243902
    0.000471         0.00545         -0.003297          -0.396341         0         0.182927
    -0.0006         0.008657         -0.000099          -0.182927         0.304878         -0.091463
    -0.000675         -0.000496         0.001484          -0.27439         0.365854         -0.335366
    -0.000931         -0.00567         -0.003891          -0.640244         0.426829         -0.304878
    -0.000549         -0.006489         -0.009558          -0.884146         0.243902         -0.213415
    -0.001025         -0.005387         -0.009209          -0.426829         -0.091463         0.152439
    0.003281         -0.005872         0.00025          0.365854         -0.182927         0.487805
    0.001062         0.003701         0.004106          1.036585         -0.27439         0.762195
    -0.001689         0.005304         0.004652          0.823171         -0.182927         0.609756
    -0.001742         0.002876         0.000011          -0.304878         0.213415         0.335366
    -0.000026         0.00152         0.002548          -0.731707         0.030488         0.121951
    0.001932         -0.003276         0.003405          -0.457317         0.152439         0.182927
    -0.000212         -0.000277         -0.000791          0.518293         0.365854         0.213415
    0.000221         0.007005         0.000734          0.914634         0.457317         0.091463
    -0.001386         0.007362         -0.006249          0.243902         0.335366         0.152439
    -0.001499         0.005499         -0.006171          -0.579268         0.091463         -0.213415
    0.00134         -0.003804         -0.001812          -0.70122         0.030488         -0.548781
    -0.0001         -0.01027         0.008316          -0.121951         0.243902         -0.426829
    0.001287         -0.007044         0.009192          0.487805         0.457317         -0.030488
    0.000053         0.000224         0.000713          0.457317         0.670732         0.121951
    -0.000348         0.007992         -0.008414          0.518293         0.670732         0.213415
    -0.000279         0.002878         -0.006341          0.304878         0.457317         -0.152439
    0.003683         -0.006096         -0.00019          0.426829         0.213415         -0.304878
    0.000408         -0.00976         0.00688          0.97561         0.030488         0.091463
    -0.00065         -0.002534         0.008433          1.920732         0.091463         0.426829
    -0.004427         0.009887         0.003817          1.737805         -0.030488         0.762195
    -0.005885         0.017089         -0.000071          1.189024         0.121951         0.518293
    -0.004903         0.011327         -0.00494          0.823171         0.121951         0.121951
    -0.001774         -0.001094         0.00054          0.70122         0.335366         -0.426829
    0.003073         -0.008493         0.008049          0.396341         0.548781         -0.731707
    0.002849         -0.00406         0.006244          -0.152439         0.365854         -0.670732
    0.002474         0.002416         -0.003012          -0.121951         0.27439         -0.243902
    0.000612         0.00623         -0.004168          0.213415         0.304878         -0.121951
    0.00088         -0.007321         -0.000991          0.335366         0.365854         -0.304878
    0.003634         -0.000388         0.002528          -0.335366         0.030488         -0.457317
    0.001931         0.001838         0.004757          0.030488         0.060976         -0.152439
    0.000373         0.002642         -0.001273          0.487805         0.121951         0.091463
    -0.002436         0.005239         -0.000042          0.426829         0.152439         0
    -0.004488         0.004386         -0.002768          -0.091463         0.121951         -0.365854
    -0.002223         0.001947         0.003841          -0.304878         0         -0.853659
    0.001737         -0.002154         0.006002          -1.067073         -0.121951         -1.158537
    0.002952         -0.006996         0.002263          -1.280488         0.060976         -0.945122
    0.001385         -0.002472         -0.004635          -1.463415         0.091463         -0.609756
    -0.001822         -0.002759         -0.008786          -1.280488         0.121951         -0.457317
    0.001668         -0.001816         -0.007224          -0.97561         0.121951         -0.457317
    -0.000814         -0.003797         0.000861          -0.762195         -0.152439         -0.304878
    -0.001433         -0.003233         0.004009          -0.487805         0         -0.243902
    -0.002709         0.002883         0.00516          -0.548781         0.060976         -0.152439
    -0.000018         0.008751         0.002175          -0.762195         0         -0.487805
    0.000571         0.006611         -0.000799          -1.219512         -0.152439         -0.70122
    0.000262         0.002945         -0.000248          -1.676829         -0.304878         -0.823171
    0.002553         -0.006238         -0.000589          -1.493902         -0.182927         -0.853659
    -0.00245         -0.007139         -0.003987          -1.067073         0.091463         -0.731707
    0.002142         -0.002391         0.000521          -1.006098         0.030488         -0.640244
    0.00269         0.002189         -0.003489          -1.371951         -0.121951         -0.579268
    0.001566         0.005462         -0.005916          -1.341463         -0.182927         -0.731707
    0.000472         0.002221         -0.006686          -1.006098         -0.121951         -0.762195
    0.001354         -0.001934         -0.001638          -1.006098         -0.243902         -0.792683
    0.001474         -0.007602         0.001033          -0.579268         -0.243902         -0.945122
    0.001374         -0.003542         0.001803          -0.304878         -0.213415         -0.97561
    0.001295         0.001268         0.001443          -0.70122         -0.182927         -0.945122
    -0.000722         0.003553         0.002131          -1.158537         -0.243902         -0.853659
    -0.000578         0.002452         -0.000053          -1.280488         -0.152439         -0.670732
    -0.000071         0.000985         0.001129          -0.792683         0         -0.762195
    0.002091         -0.00097         -0.001831          -0.97561         -0.213415         -0.945122
    0.003431         -0.001362         -0.002051          -1.006098         -0.457317         -0.97561
    -0.001162         -0.004019         0.001289          -0.335366         -0.304878         -0.853659
    -0.000539         -0.003215         0.000836          -0.152439         0.030488         -1.097561
    -0.001798         0.002897         0.002622          -0.487805         -0.030488         -0.97561
    -0.000657         -0.002566         0.001707          -0.792683         -0.243902         -1.097561
    0.00338         -0.000881         0.000389          -0.731707         0.121951         -1.280488
    0.005634         -0.00129         0.000116          -0.640244         0.091463         -0.97561
    0.037515         0.037249         0.016108          -0.243902         0.487805         -0.853659
    0.014387         -0.043638         -0.075981          -7.621952         1.737805         -0.945122
    0.006041         0.010011         -0.005902          -2.804878         2.286585         -1.859756
    -0.007277         -0.015038         -0.012143          -4.054878         1.25         -1.615854
    -0.007774         -0.006757         0.00884          -2.896342         1.707317         -1.341463
    -0.013837         -0.012827         0.013517          -2.804878         1.585366         -0.945122
    -0.014976         -0.006746         0.023705          -1.615854         1.737805         -0.609756
    -0.01452         0.008861         0.015839          -1.52439         1.707317         -0.182927
    -0.015913         0.018807         0.010913          -1.189024         1.615854         -0.335366
    -0.017613         0.010163         0.008731          -1.036585         1.52439         -0.884146
    -0.012332         0.002076         0.006008          -1.432927         1.310976         -1.493902
    -0.006741         0.003809         0.005978          -1.128049         0.792683         -1.585366
    0.004568         -0.002031         0.003025          -0.945122         0.579268         -1.646342
    0.009709         -0.002797         -0.00383          -1.006098         0.792683         -1.341463
    0.006986         0.000497         -0.011463          -1.310976         0.609756         -1.341463
    0.00598         0.003327         -0.009951          -1.371951         0.518293         -1.554878
    0.004198         -0.003783         -0.009328          -1.25         0.396341         -1.737805
    0.00746         -0.008105         -0.003947          -0.884146         0.457317         -1.737805
    0.005772         -0.013906         -0.002962          -1.006098         0.335366         -1.280488
    0.00286         -0.007609         0.00095          -0.335366         0.304878         -0.853659
    0.002679         -0.002767         0.002714          0.121951         0.365854         -0.335366
    0.002143         0.004818         0.000999          0.121951         0.487805         -0.243902
    0.000933         0.010104         -0.002912          -0.426829         0.396341         -0.335366
    0.000747         0.003591         0.000796          -0.884146         0.365854         -0.579268
    0.000988         -0.003377         -0.00659          -0.853659         0.548781         -0.640244
    0.002548         -0.006217         -0.002538          -0.70122         0.70122         -0.579268
    0.00321         -0.004583         -0.001054          -0.457317         0.609756         -0.304878
    0.001592         -0.002495         -0.004554          0.121951         0.487805         0.121951
    -0.001656         0.003473         -0.004034          0.243902         0.304878         0.426829
    -0.002106         0.001411         -0.001469          0.091463         0.152439         0.426829
    0.000268         0.000152         0.00234          0.365854         0.152439         0.396341
    -0.004473         0.004028         0.002654          0.579268         0.060976         0.609756
    -0.002797         0.00459         -0.002955          0.762195         0.091463         0.70122
    -0.000675         -0.003555         -0.00881          0.792683         0.152439         0.548781
    0.001608         -0.000695         -0.00197          0.670732         -0.030488         0.670732
    -0.001252         0.00003         0.002721          0.731707         -0.243902         0.762195
    -0.000221         0.004125         0.001982          0.762195         -0.457317         1.006098
    -0.00213         0.005058         0.001195          1.798781         -0.213415         1.52439
    0.001421         0.010687         0.004081          1.890244         0.243902         1.432927
    0.002114         -0.001021         -0.009235          0.823171         0.396341         1.097561
    -0.003583         -0.000426         -0.002701          1.829268         0.396341         1.067073
    0.00104         -0.000341         0.000769          1.95122         0.548781         0.823171
    -0.008543         -0.005741         0.0096          3.018293         0.70122         1.158537
    -0.001561         -0.005765         0.0235          5.27439         0.396341         1.310976
    -0.006913         -0.004807         0.021339          5.182927         0.243902         1.798781
    -0.000843         0.003967         0.009259          3.932927         0.182927         1.646342
    -0.003799         0.014501         -0.002945          2.865854         0.27439         1.219512
    -0.004016         0.009257         -0.015442          2.439024         0.121951         0.823171
    0.005186         -0.006852         -0.004931          3.567073         0.335366         0.853659
    0.010985         -0.005677         -0.006094          4.847561         1.097561         0.792683
    -0.0084         0.020459         0.009578          5.121951         1.463415         1.128049
    -0.006134         -0.003555         -0.020267          2.256098         -1.006098         1.463415
    -0.001392         -0.009485         -0.028128          2.621951         -3.262195         2.164634
    -0.005019         0.00374         -0.007658          3.353659         -5.579268         3.04878
    0.005555         -0.015953         0.017701          2.713415         -8.689025         4.054878
    0.023194         -0.012567         -0.010253          1.737805         -10.97561         4.847561
    -0.000781         0.01729         0.059766          2.957317         -11.95122         5.945122
    0.025352         -0.033043         0.038829          -0.304878         -15.579268         6.981708
    0.028094         -0.069794         0.016219          -4.329268         -16.768293         9.176829
    0.029311         -0.040405         0.027429          -6.95122         -19.664635         13.20122
    0.029894         -0.015918         0.061396          -4.878049         -18.384148         15.579268
    0.013954         0.037461         0.043062          1.067073         -12.77439         15.518293
    -0.025946         0.111023         0.014332          2.469512         -3.871951         11.646341
    -0.052593         0.154053         0.072403          4.939024         9.908537         2.134146
    -0.02723         0.179688         -0.000866          -2.134146         20.42683         -8.993902
    -0.02237         0.083594         -0.074912          -9.329268         26.829269         -16.585365
    -0.030591         0.045781         -0.057195          -3.414634         34.17683         -21.524391
    -0.050254         -0.029586         0.003463          3.871951         37.073174         -23.018293
    -0.025555         -0.11488         -0.004652          6.768293         35.457317         -23.353659
    -0.020835         -0.124521         -0.042589          3.109756         31.493904         -21.097561
    -0.010222         -0.112117         -0.081336          -1.981707         25.823172         -15.304878
    0.016431         -0.110592         -0.09671          -3.993902         16.829269         -9.603659
    0.04752         -0.123434         -0.111938          -5.213415         3.384146         -3.414634
    0.077079         -0.074333         -0.038965          -1.493902         -7.530488         1.798781
    0.026897         -0.003021         0.067656          9.664635         -6.920732         4.756098
    -0.008951         0.011841         0.067992          9.085366         -8.780488         7.378049
    -0.016731         0.037793         0.057519          0.853659         -12.835366         8.902439
    -0.004791         0.044297         0.086836          -1.52439         -12.286586         8.231708
    0.071753         0.083289         0.087632          -3.170732         -10.54878         7.652439
    0.045098         0.01585         -0.057628          -12.530488         -6.981708         7.195122
    -0.011969         0.074789         -0.025204          -9.847561         -1.280488         4.45122
    0.02187         0.091277         -0.00532          -11.981708         1.402439         -0.579268
    -0.010824         0.04099         0.012346          -11.158537         7.073171         -1.707317
    -0.019792         -0.011153         0.040541          -7.134147         13.079268         -3.841464
    -0.020521         0.013148         -0.013661          -6.432927         17.92683         -7.012195
    -0.040245         0.018526         -0.02382          -4.878049         21.310976         -9.573171
    -0.044501         0.005251         -0.03136          -0.518293         22.652439         -11.006098
    -0.058452         -0.034081         -0.021182          1.189024         19.908537         -10.030488
    -0.048715         -0.058515         -0.010305          0.945122         14.939025         -9.207317
    -0.05323         -0.075327         -0.02758          -1.067073         8.109756         -6.128049
    -0.044732         -0.058309         -0.036517          -0.426829         1.310976         -2.073171
    -0.022114         -0.028483         -0.016518          4.176829         -3.018293         1.402439
    0.009457         0.010221         0.042449          12.957317         -1.981707         3.140244
    0.020066         0.037865         0.059155          12.103659         -1.158537         3.689024
    0.018592         0.033612         0.05455          4.908537         -0.487805         1.646342
    0.015264         0.016538         0.030554          -2.652439         -0.091463         -0.670732
    0.005571         -0.00298         -0.000947          -6.097561         0.457317         -1.798781
    0.01305         -0.021525         -0.026344          -6.493903         0.243902         -1.585366
    0.010245         -0.018978         -0.035333          -4.115854         -0.060976         -0.304878
    0.011321         -0.005417         -0.027876          -1.158537         -0.548781         0.884146
    0.010619         0.008753         -0.004527          0.640244         -0.884146         1.554878
    0.0083         0.013838         0.006535          1.189024         -1.128049         1.615854
    0.007031         0.01107         0.011673          0.945122         -1.189024         1.341463
    0.007968         0.007489         0.012073          0         -0.884146         1.006098
    0.008914         0.004624         0.005166          -1.006098         -0.487805         0.548781
    0.004787         -0.002746         0.000227          -1.615854         0.030488         0.182927
    0.001486         -0.00415         -0.006459          -1.768293         0.243902         0.335366
    -0.003694         -0.001172         -0.003605          -1.371951         0.182927         0.487805
    -0.004908         0.001407         -0.005814          -0.914634         0.243902         0.579268
    -0.002755         -0.002         -0.001917          -0.548781         0.396341         0.27439
    -0.002594         0.000939         0.001982          -1.371951         0.182927         -0.121951
    -0.002271         0.000165         -0.001734          -1.52439         -0.182927         -0.152439
    -0.000645         -0.015297         0.002323          -1.128049         0.243902         -0.060976
    -0.003055         -0.006769         0.002249          -1.493902         0.396341         0.365854
    -0.004006         0.003764         -0.005427          -1.280488         -0.030488         0.70122
    -0.0034         0.013754         -0.010396          -0.518293         -0.182927         0.518293
    -0.001939         0.009831         -0.0007          -0.030488         -0.091463         -0.060976
    0.003136         -0.002291         0.001979          -0.579268         -0.335366         -0.518293
    0.010712         -0.018825         -0.001932          -0.304878         -0.182927         -0.70122
    0.004468         -0.013302         -0.004866          0.27439         -0.304878         0.213415
    -0.001113         0.003811         -0.002526          1.219512         -0.579268         1.036585
    -0.002844         0.013401         -0.002021          2.743902         -0.487805         1.402439
    -0.000712         0.011306         0.010688          3.140244         -0.426829         1.097561
    0.001969         0.005139         0.016558          2.5         -0.030488         0.457317
    0.000013         0.001377         0.008169          1.310976         0.243902         0.091463
    0.001377         0.004031         0.000675          0.335366         0.121951         -0.243902
    0.002274         0.00342         -0.006881          -0.060976         0.030488         -0.27439
    0.002405         -0.008397         -0.006091          0.548781         0.182927         -0.243902
    0.000362         -0.010038         -0.007021          1.189024         0.091463         0.27439
    0.001852         0.00486         0.000242          1.52439         -0.396341         0.487805
    -0.001839         0.00506         -0.000587          2.195122         -0.27439         0.579268
    -0.002643         -0.000053         0.005585          2.5         -0.213415         0.609756
    -0.000747         0.002496         0.006812          2.286585         -0.243902         0.365854
    0.000769         -0.004448         0.00584          2.134146         -0.121951         0.304878
    -0.000752         0.003668         0.00682          1.676829         0.091463         0.487805
    -0.006656         0.013481         -0.000989          0.762195         -0.091463         0.457317
    -0.004739         0.009223         -0.00001          0.396341         -0.060976         0
    -0.00008         0.003276         0.000773          0.487805         0         -0.457317
    0.001694         -0.004019         0.003158          0.27439         -0.27439         -0.670732
    0.002917         -0.00302         0.004479          0.213415         -0.396341         -0.609756
    -0.002549         0.001295         0.000654          0.152439         -0.304878         -0.426829
    -0.002234         0.005333         -0.001625          0         -0.213415         -0.518293
    -0.001202         0.004852         0.000653          -0.213415         -0.121951         -0.914634
    0.00314         -0.003736         0.009702          -0.243902         0         -1.128049
    0.002122         -0.005723         0.009324          -0.609756         0.152439         -0.945122
    0.000721         -0.003602         0.00453          -1.067073         0.426829         -0.884146
    0.000577         -0.002881         -0.006533          -1.25         0.518293         -0.914634
    -0.000515         -0.002305         -0.011085          -1.128049         0.426829         -0.792683
    -0.000217         -0.001063         -0.003595          -0.823171         0.27439         -0.640244
    0.000412         -0.002803         -0.001704          -0.670732         0.152439         -0.518293
    0.00365         -0.004977         -0.000777          -0.670732         0.243902         -0.457317
    0.001944         -0.002224         -0.000231          -0.365854         0.27439         -0.27439
    -0.000203         0.003885         0.001377          -0.426829         0.27439         -0.060976
    -0.002701         0.006038         -0.001632          -0.579268         0.27439         -0.091463
    0.002917         0.006393         -0.002087          -0.914634         0.060976         -0.365854
    -0.000401         -0.001136         0.002432          -0.762195         0         -0.426829
    0.00007         -0.003838         0.00136          -0.579268         0.060976         -0.27439
    -0.001116         0.001226         -0.001842          -0.518293         0.152439         -0.152439
    -0.000111         -0.001168         -0.000107          -0.396341         0.304878         -0.335366
    0.004794         -0.002106         -0.00028          -0.396341         0.426829         -0.487805
    0.00364         -0.006568         -0.000615          -0.518293         0.27439         -0.579268
    0.001349         -0.001934         -0.004984          -0.731707         0.030488         -0.426829
    -0.002632         0.003726         -0.006331          -0.823171         -0.426829         -0.030488
    -0.002887         0.007669         0.000599          -0.030488         -0.457317         0
    -0.00309         0.005744         0.005167          0.640244         -0.182927         -0.182927
    -0.000324         -0.000873         0.01136          0.426829         0.152439         -0.579268
    0.001108         -0.007144         0.008111          -0.152439         0.609756         -0.853659
    -0.000871         -0.004739         -0.003472          -0.670732         0.609756         -0.670732
    0.000279         0.004608         -0.011371          -0.731707         0.243902         -0.365854
    0.000224         0.005053         -0.005972          -0.304878         0.182927         -0.335366
    0.00096         0.004043         0.003621          -0.121951         0.182927         -0.487805
    0.003698         -0.003407         0.00153          -0.243902         0.243902         -0.609756
    0.00081         -0.003506         0.005911          -0.182927         0.27439         -0.609756
    -0.000719         -0.003196         -0.00367          -0.396341         0.335366         -0.518293
    -0.006825         0.004865         -0.003912          -0.518293         0.243902         -0.27439
    -0.002726         0.003502         -0.002544          -0.609756         0.243902         -0.27439
    -0.000618         0.002411         0.005582          -0.304878         0.213415         -0.487805
    0.001458         -0.005103         0.002317          -0.27439         0.426829         -0.792683
    0.001362         -0.005449         -0.001662          -0.27439         0.365854         -0.853659
    -0.000278         -0.003188         -0.000744          -0.304878         0.182927         -0.579268
    0.004661         0.009364         -0.002157          -0.426829         0         -0.487805
    0.011151         -0.000907         -0.018132          -2.652439         0.304878         -0.731707
    0.00228         -0.002484         -0.008646          -1.402439         0.27439         -0.914634
    0.006511         -0.00687         0.015153          0.731707         0.487805         -1.067073
    -0.005142         -0.004519         0.001771          0.030488         0.640244         -0.335366
    0.000378         -0.0001         -0.002294          -0.152439         0.579268         -0.335366
    -0.005947         0.002264         -0.002812          0.182927         0.457317         0.152439
    -0.006711         0.005522         0.008493          1.585366         0.182927         0.304878
    -0.007517         0.002269         0.009919          1.432927         0.121951         0.365854
    -0.002889         0.002206         0.005396          0.914634         0.213415         0.121951
    0.001009         -0.000188         0.002559          1.006098         0.365854         -0.091463
    0.001003         -0.003276         0.000875          1.554878         0.365854         0.091463
    -0.00369         0.002067         -0.004964          2.042683         0.304878         0.396341
    -0.002952         0.004388         -0.002994          2.743902         0.518293         0.487805
    -0.000018         0.000385         -0.004544          2.926829         0.670732         0.396341
    0.001353         0.000699         0.004959          2.865854         0.426829         0.182927
    0.003035         -0.001394         0.007873          2.865854         0.426829         0.182927
    -0.001478         0.000838         0.001611          2.77439         1.006098         0.487805
    0.002919         0.001256         -0.008086          2.5         1.219512         0.609756
    0.007218         -0.001925         -0.011352          2.439024         1.310976         0.640244
    0.004017         -0.001735         -0.012011          3.719512         1.52439         1.219512
    0.00087         0.004276         -0.00707          5.335366         1.097561         1.737805
    -0.006921         0.009085         0.006063          7.560976         1.280488         2.012195
    -0.006709         0.008049         0.002507          6.463415         0.853659         1.798781
    -0.007906         0.004291         0.006497          5.060976         -0.396341         1.402439
    -0.004567         0.003628         -0.008474          4.054878         -2.317073         1.25
    0.003377         -0.007059         0.020174          4.420732         -3.262195         2.195122
    -0.008236         0.008611         -0.0114          3.628049         -6.463415         3.323171
    0.00474         -0.003267         0.033458          3.902439         -9.054878         3.810976
    0.007307         -0.000661         0.040438          4.664634         -9.176829         4.146341
    -0.001185         0.002206         0.020827          1.25         -10.243902         4.268293
    0.010966         -0.019915         0.022717          -4.085366         -12.621951         5.060976
    0.021663         -0.035854         0.059384          -6.52439         -11.676829         6.432927
    0.019284         -0.059738         0.048093          -6.890244         -10.121951         9.054878
    0.007419         -0.016736         0.052732          -5.579268         -10.914635         12.987805
    0.006326         0.00126         0.036913          -3.04878         -9.756098         14.786586
    0.010139         0.079719         -0.018322          -4.695122         -5.945122         13.140244
    -0.038764         0.121002         -0.055087          -8.963415         0.27439         7.439024
    -0.024566         0.104809         -0.052273          -6.768293         8.292683         -2.835366
    -0.005395         0.045957         -0.041232          -5.914634         14.176829         -9.02439
    0.011504         -0.008352         -0.036501          -4.817073         19.969513         -14.237805
    0.002563         0.004256         0.028611          1.432927         26.524391         -16.554878
    -0.018262         0.037585         0.041639          6.189024         32.957317         -19.786587
    -0.036094         0.03456         -0.008681          6.280488         36.829269         -23.109756
    -0.036492         -0.022157         -0.018664          4.969512         36.310978         -25.152439
    -0.014155         -0.112452         -0.038564          -1.067073         31.615854         -24.17683
    0.010942         -0.161837         -0.074992          -11.25         19.756098         -17.073172
    0.021058         -0.15486         -0.099642          -15.54878         6.097561         -8.109756
    0.059425         -0.108458         -0.147877          -13.993903         -5.335366         0.335366
    0.008868         -0.006493         -0.042911          2.865854         -7.804878         6.25
    0.002016         0.014141         0.038327          11.859756         -7.652439         8.719512
    -0.013231         0.016391         0.079099          10.426829         -8.963415         9.573171
    -0.021718         0.038894         0.11367          5.579268         -10.121951         9.817074
    -0.013077         0.049475         0.059295          -1.585366         -11.768293         9.420732
    0.003796         0.037627         0.050952          -2.957317         -11.52439         9.481708
    0.029404         0.07014         0.035488          -0.243902         -8.384147         8.079268
    0.000672         0.059628         0.046555          1.859756         -1.707317         4.695122
    0.000928         0.069968         0.012244          0.304878         2.164634         0.548781
    -0.002187         0.005388         0.002568          -7.164634         2.22561         -2.896342
    0.027938         0.019545         -0.043844          -10.121951         5.70122         -5.945122
    -0.000111         0.007042         -0.062028          -11.585366         7.347561         -5.884147
    -0.006339         0.010907         -0.052748          -6.036585         10.487805         -6.890244
    -0.022454         0.002476         -0.040831          -3.689024         11.920732         -7.195122
    -0.027143         -0.018722         -0.012743          -3.231707         11.463415         -7.408537
    -0.036949         -0.038025         0.013048          -2.012195         9.45122         -6.646342
    -0.031121         -0.047998         0.012782          -1.676829         5.884147         -4.969512
    -0.025092         -0.065938         -0.036845          -4.420732         0.548781         -2.347561
    -0.013824         -0.020523         -0.00721          -0.70122         -1.920732         -0.579268
    0.014136         0.009167         0.00888          2.896342         -3.506098         1.341463
    0.014239         0.010068         0.026636          5.731708         -2.77439         2.347561
    0.011782         0.006492         0.034394          3.841464         -2.042683         1.402439
    0.006886         0.004803         0.034351          0.518293         -1.219512         0.091463
    0.00336         -0.008267         0.011466          -1.676829         -0.27439         -0.304878
    -0.000241         -0.003684         -0.003328          -2.073171         0.304878         -0.060976
    0.002151         -0.000994         -0.014381          -1.920732         0.548781         0.030488
    0.005822         0.0119         -0.012872          -1.067073         0.426829         0.304878
    0.008369         0.010106         -0.008149          -0.853659         -0.060976         0.487805
    0.006109         0.005936         -0.001246          -0.579268         -0.396341         0.579268
    0.006645         0.004163         -0.00002          -0.914634         -0.70122         0.487805
    0.002582         0.000206         0.00057          -1.493902         -0.792683         0.213415
    0.003628         -0.003742         -0.006771          -0.914634         -0.457317         0.213415
    -0.000223         -0.003189         -0.007956          0.579268         -0.030488         0.243902
    0.002166         -0.001575         0.003987          1.676829         0         0.518293
    0.004076         -0.002236         0.014713          1.920732         0.27439         0.579268
    -0.002403         0.007977         0.004544          1.25         0.609756         0.487805
    -0.005829         0.01185         -0.000466          0.27439         0.396341         0.060976
    0.00061         -0.007317         -0.00135          -0.335366         0.121951         -0.487805
    -0.000879         -0.01308         0.006537          -0.27439         1.189024         -0.609756
    -0.006172         -0.000698         -0.005512          -0.670732         1.128049         -0.365854
    -0.002398         0.005887         -0.007339          -0.365854         0.823171         -0.213415
    -0.004458         0.010959         -0.003332          -0.304878         0.335366         -0.396341
    0.005028         -0.004514         0.002217          -0.762195         0.182927         -0.884146
    0.000311         -0.001853         0.005484          -1.067073         0.579268         -0.853659
    -0.000142         0.00301         -0.002058          -1.402439         0.304878         -0.762195
    -0.000309         0.005728         -0.006334          -1.128049         0.030488         -0.762195
    0.006784         -0.003035         0.000597          -0.70122         -0.091463         -1.097561
    0.00367         0.000502         0.00165          -0.579268         0.030488         -1.006098
    0.002154         0.004503         -0.001415          -0.670732         -0.060976         -1.128049
    0.004849         -0.005382         0.006095          -0.548781         -0.182927         -1.219512
    0.003684         -0.01368         0.007806          -0.853659         0.518293         -1.25
    -0.003303         -0.000202         -0.002349          -1.402439         0.579268         -0.884146
    -0.001471         0.00062         -0.012231          -1.097561         0.548781         -0.457317
    -0.001177         0.004207         -0.007246          -0.426829         0.182927         -0.365854
    0.002379         -0.004057         0.001235          -0.091463         -0.091463         -0.396341
    -0.000636         -0.002269         0.0088          0.121951         0.030488         -0.365854
    -0.003048         0.000724         0.008993          -0.060976         0         -0.182927
    -0.000485         0.001556         0.000749          -0.213415         0.304878         -0.27439
    0.000003         0.004565         0.000013          -0.70122         0.426829         -0.548781
    0.003322         0.001308         -0.001747          -1.036585         0.213415         -0.640244
    0.005392         -0.006766         -0.00628          -0.945122         0.213415         -0.518293
    0.000994         -0.000139         -0.003462          -0.243902         0.396341         -0.335366
    -0.001549         0.005553         -0.001207          -0.030488         0.335366         -0.243902
    0.0013         0.003856         0.006847          0.091463         0.121951         -0.152439
    0.000259         -0.002189         0.010165          -0.243902         0.487805         -0.304878
    -0.00409         0.003718         0.000124          -0.762195         0.609756         -0.396341
    -0.004834         0.003365         -0.005565          -0.97561         0.457317         -0.670732
    0.00082         -0.003167         -0.009139          -0.792683         0.457317         -0.823171
    0.000656         -0.001167         -0.004186          -0.518293         0.365854         -0.70122
    0.001501         -0.005621         -0.001201          -0.030488         0.182927         -0.518293
    0.004131         -0.010747         0.007243          0.121951         0.335366         -0.335366
    -0.003727         0.005465         0.00306          -0.243902         0.457317         -0.030488
    -0.006106         0.008864         -0.001654          -0.304878         0.457317         0.030488
    -0.000588         0.009435         -0.001323          -0.487805         0.365854         -0.213415
    0.000897         0.004423         0.002067          -0.670732         0.304878         -0.579268
    0.003061         -0.009743         -0.0003          -0.853659         0.396341         -0.762195
    0.000886         -0.003107         0.001323          -0.97561         0.304878         -0.640244
    0.002467         -0.00229         -0.005973          -0.579268         0.091463         -0.457317
    -0.000175         -0.000856         -0.004974          -0.182927         0         -0.304878
    0.001227         -0.004591         0.006763          -0.152439         0.304878         -0.457317
    -0.00312         0.001992         0.006582          -0.243902         0.304878         -0.27439
    -0.003082         0.005695         -0.002351          -0.365854         0.243902         -0.304878
    -0.000317         0.00729         -0.005397          -0.670732         -0.060976         -0.548781
    0.001895         -0.003543         0.000565          -0.853659         -0.091463         -0.853659
    0.003078         -0.005178         0.001624          -0.884146         0.060976         -0.914634
    -0.000662         -0.000627         -0.006318          -0.70122         -0.121951         -0.609756
    0.001619         -0.000501         -0.009546          -0.091463         -0.243902         -0.548781
    0.005592         -0.006456         0.005058          0.335366         -0.182927         -0.518293
    0.003106         -0.003993         0.010297          0.243902         -0.030488         -0.27439
    -0.004546         0.007743         0.00355          0.121951         0.060976         0.060976
    -0.0052         0.003851         -0.002238          -0.060976         -0.030488         -0.091463
    -0.003574         0.004253         0.004264          -0.121951         0.152439         -0.548781
    -0.002468         -0.003629         0.008099          -0.030488         0.213415         -0.731707
    -0.002756         -0.004856         -0.000162          -0.396341         0.152439         -0.640244
    -0.000642         -0.003299         -0.005793          -0.518293         0.243902         -0.457317
    0.001049         -0.001272         -0.007369          -0.030488         0.243902         -0.396341
